 -29.022655151339293
 -26.510297754364004
 171.44753721380815
 61.023944275943812
 126.73786187637684
 90.057396540467778
 -19.136773755093401
 -63.946029121647584
 73.919609661256587
 119.84484845022149
 118.22729742533582
 39.766932489968333
 -42.572422323500739
 -140.48613456663875
 249.38201625574402
 158.67061057353138
 78.278132835067851
 -169.58118523880691
 97.386290963236391
 16.612931406208954
 -39.895998934327608
 -43.633242812647097
 113.34024459987349
 143.67930524351257
 40.32341747108994
 28.94250387804388
 -2.6101935719711751
 -20.931689801180653
 -83.811875881318329
 38.20339618893491
 -9.2982702486834938
 30.308923850287634
 -71.784568315432296
 -48.171570271327575
 -2.8007972494844804
 -164.92635477079529
 116.49901380195932
 -8.1649151547059891
 -186.25945498806553
 -150.28676453395303
 181.23590211885821
 33.505595399681383
 88.961645723195161
 -0.91896573661955949
 -114.78839681829318
 33.902983064001688
 130.46885200054723
 -146.93330333675701
 215.55097841326977
 -186.53427695224048
 -64.726268173042484
 -48.539187141533617